000000000000000000000000000000000000000000000000000000000
0                                                       0
0                                                       0
0           b               b                           0
0                                                       0
0                                     b                 0
0                                                       0
0                b            b                         0
0                                                       0
0                                                       0
0                                           b           0
0                                                       0
0               b                                       0
0                                                       0
0                                b                      0
0                                                       0
0         b                                             0
0                                               b       0
0                                                       0
000000000000000000000000000000000000000000000000000000000